PSC	0	CHM13	0	0	0	0	0	0	0.0	0	48	187	1
PSC	0	HG00438	10	0	0	0	0	210	0.0	0	0	1	1
PSC	0	HG00621	7	0	0	0	0	203	0.0	0	0	1	11
PSC	0	HG00673	9	0	0	0	0	200	0.0	0	0	1	11
PSC	0	HG00733	9	0	0	0	0	213	0.0	0	0	0	1
PSC	0	HG00735	12	0	0	0	0	210	0.0	0	0	0	1
PSC	0	HG00741	15	0	0	0	0	206	0.0	0	1	0	1
PSC	0	HG01071	18	0	0	0	0	203	0.0	0	0	1	1
PSC	0	HG01106	18	0	0	0	0	192	0.0	0	0	1	11
PSC	0	HG01109	12	0	0	0	0	198	0.0	0	0	1	11
PSC	0	HG01123	14	0	0	0	0	206	0.0	0	0	0	2
PSC	0	HG01175	13	0	0	0	0	208	0.0	0	1	0	1
PSC	0	HG01243	19	0	0	0	0	193	0.0	0	0	1	11
PSC	0	HG01258	17	0	0	0	0	194	0.0	0	0	1	11
PSC	0	HG01358	16	0	0	0	0	195	0.0	0	0	1	11
PSC	0	HG01361	16	0	0	0	0	206	0.0	0	0	0	1
PSC	0	HG01891	12	0	0	0	0	208	0.0	0	0	0	1
PSC	0	HG01928	14	0	0	0	0	195	0.0	0	0	2	11
PSC	0	HG01952	12	0	0	0	0	199	0.0	0	0	1	12
PSC	0	HG01978	10	0	0	0	0	211	0.0	0	0	0	1
PSC	0	HG02055	9	0	0	0	0	200	0.0	0	0	1	11
PSC	0	HG02080	15	0	0	0	0	206	0.0	0	0	0	1
PSC	0	HG02109	12	0	0	0	0	208	0.0	0	0	0	1
PSC	0	HG02145	22	0	0	0	0	190	0.0	0	0	1	11
PSC	0	HG02148	9	0	0	0	0	211	0.0	0	0	0	1
PSC	0	HG02257	13	0	0	0	0	207	0.0	0	0	0	1
PSC	0	HG02486	13	0	0	0	0	198	0.0	0	0	1	11
PSC	0	HG02559	21	0	0	0	0	201	0.0	0	0	0	1
PSC	0	HG02572	11	0	0	0	0	198	0.0	0	0	1	11
PSC	0	HG02622	26	0	0	0	0	196	0.0	0	0	0	1
PSC	0	HG02630	24	0	0	0	0	198	0.0	0	0	0	1
PSC	0	HG02717	18	0	0	0	0	191	0.0	0	0	1	11
PSC	0	HG02723	21	0	0	0	0	199	0.0	0	0	0	1
PSC	0	HG02818	18	0	0	0	0	204	0.0	0	0	0	1
PSC	0	HG02886	18	0	0	0	0	205	0.0	0	0	0	1
PSC	0	HG03098	23	0	0	0	0	186	0.0	0	0	1	11
PSC	0	HG03453	12	0	0	0	0	208	0.0	0	0	0	1
PSC	0	HG03486	21	0	0	0	0	200	0.0	0	0	1	1
PSC	0	HG03492	19	0	0	0	0	193	0.0	0	0	1	11
PSC	0	HG03516	15	0	0	0	0	205	0.0	0	0	0	1
PSC	0	HG03540	13	0	0	0	0	207	0.0	0	0	0	1
PSC	0	HG03579	20	0	0	0	0	191	0.0	0	0	1	11
PSC	0	NA18906	13	0	0	0	0	208	0.0	0	0	0	1
PSC	0	NA20129	8	0	0	0	0	214	0.0	0	0	0	1
PSC	0	NA21309	19	0	0	0	0	201	0.0	0	0	0	1
