PSC	0	CHM13	0	0	0	0	0	0	0.0	0	6054	342	11
PSC	0	HG00438	5921	0	0	0	0	446	0.0	69	2	1	10
PSC	0	HG00621	5672	0	0	0	0	418	0.0	65	11	1	271
PSC	0	HG00673	5686	0	0	0	0	417	0.0	64	9	1	267
PSC	0	HG00733	5932	0	0	0	0	428	0.0	56	5	0	11
PSC	0	HG00735	5905	0	0	0	0	457	0.0	52	1	0	10
PSC	0	HG00741	5921	0	0	0	0	446	0.0	74	2	0	11
PSC	0	HG01071	5907	0	1	0	1	442	0.0	56	4	1	16
PSC	0	HG01106	5692	0	0	0	0	409	0.0	54	8	2	268
PSC	0	HG01109	5587	0	0	0	0	498	0.0	81	16	2	271
PSC	0	HG01123	5947	0	0	0	0	419	0.0	50	0	0	15
PSC	0	HG01175	5874	0	0	0	0	479	0.0	70	7	1	16
PSC	0	HG01243	5573	0	0	0	0	510	0.0	105	8	1	274
PSC	0	HG01258	5686	0	0	0	0	407	0.0	51	12	3	265
PSC	0	HG01358	5667	0	0	0	0	430	0.0	52	10	1	268
PSC	0	HG01361	5911	0	0	0	0	443	0.0	61	12	0	12
PSC	0	HG01891	5697	0	1	0	1	650	0.0	146	4	0	13
PSC	0	HG01928	5700	0	0	0	0	403	0.0	44	9	2	265
PSC	0	HG01952	5686	0	0	0	0	401	0.0	38	11	1	278
PSC	0	HG01978	5930	0	0	0	0	431	0.0	54	4	0	13
PSC	0	HG02055	5557	0	0	0	0	541	0.0	115	8	2	266
PSC	0	HG02080	5917	0	0	0	0	443	0.0	80	3	0	15
PSC	0	HG02109	5725	0	0	0	0	624	0.0	144	4	0	12
PSC	0	HG02145	5537	0	0	0	0	555	0.0	121	9	2	272
PSC	0	HG02148	5951	0	0	0	0	410	0.0	37	3	0	18
PSC	0	HG02257	5737	0	0	0	0	612	0.0	131	0	0	19
PSC	0	HG02486	5513	0	0	0	0	580	0.0	126	9	2	273
PSC	0	HG02559	5764	0	1	0	1	581	0.0	138	1	0	17
PSC	0	HG02572	5508	0	0	0	0	569	0.0	116	14	1	278
PSC	0	HG02622	5742	0	0	0	0	608	0.0	134	4	0	13
PSC	0	HG02630	5714	0	0	0	0	637	0.0	135	2	0	13
PSC	0	HG02717	5492	0	0	0	0	595	0.0	129	11	2	269
PSC	0	HG02723	5737	0	0	0	0	610	0.0	124	4	0	16
PSC	0	HG02818	5747	0	1	0	1	601	0.0	129	5	1	14
PSC	0	HG02886	5754	0	0	0	0	608	0.0	124	6	0	13
PSC	0	HG03098	5515	0	0	0	0	560	0.0	135	14	4	282
PSC	0	HG03453	5699	0	0	0	0	653	0.0	147	5	2	11
PSC	0	HG03486	5732	0	0	0	0	613	0.0	134	4	1	19
PSC	0	HG03492	5651	0	1	0	1	444	0.0	77	9	2	270
PSC	0	HG03516	5753	0	1	0	1	611	0.0	155	0	0	12
PSC	0	HG03540	5769	0	0	0	0	590	0.0	116	1	0	14
PSC	0	HG03579	5501	0	0	0	0	599	0.0	145	6	3	268
PSC	0	NA18906	5734	0	0	0	0	618	0.0	111	4	1	13
PSC	0	NA20129	5768	0	0	0	0	589	0.0	104	2	0	14
PSC	0	NA21309	5733	0	0	0	0	622	0.0	184	5	1	14

